2015 05 26 03 15
2015 06 15 04 45
2015 06 19 21 27
2015 08 13 13 43
2015 09 03 10 53
2015 11 02 06 07
2015 12 02 18 21
2015 12 16 01 51
2016 02 23 13 58
2016 03 28 19 39
2016 04 18 14 48
2016 06 13 02 20
2016 06 22 09 07
2016 06 23 13 30
2016 07 21 06 41
2016 10 18 05 12
2016 11 22 09 55
2017 03 25 13 37
2017 05 06 09 18
2017 09 03 23 15
2017 09 25 00 04
2017 10 13 09 43
2017 10 13 23 55
2017 12 03 08 47
2018 01 09 17 51
2018 02 14 01 26
2018 03 19 09 58
2018 04 08 06 27
2018 04 25 11 09
2018 06 15 01 50
2018 07 02 02 56
2018 07 06 21 07
2018 10 14 16 50
2018 11 20 02 29
2019 02 02 13 49
2019 02 06 17 31
2019 02 12 09 54
2019 03 20 05 27
2019 07 08 14 20
2019 07 09 19 38
